0 0.2144068503066113 0.40981949003119217 0.13783321510020055 0.5140183787596854 0.9974919557571411
0 0.9324106542687667 0.5480678426591974 0.130013108253479 0.5564789719095355 0.9963415265083313
0 0.835659987048099 0.3952384496990003 0.10567758585277356 0.37863274124499996 0.9939990043640137
0 0.6106399517310294 0.5338857699381677 0.2319671856729608 0.6266154907643795 0.9936417937278748
0 0.4332539501943086 0.5734533981273049 0.14410502032229774 0.49869052634427424 0.9935087561607361
0 0.7326688248860208 0.3347431640875967 0.05093950425323687 0.2204614789470246 0.9672746062278748
0 0.48012751262438924 0.3287617368133445 0.05688526991166567 0.2196074277162552 0.7728477120399475
0 0.6737846653712424 0.29822401388695363 0.03978116535826733 0.15610475583296074 0.6769559383392334
0 0.7074493232526278 0.3043563695330369 0.026973033225850054 0.15879324392268532 0.645353376865387
0 0.5487061252719477 0.27927566672626297 0.04884335790809832 0.13243708465444415 0.6346036195755005
