0 0.3041274484835173 0.548841024699964 0.08361346156973588 0.5523685854124395 0.9934027791023254
0 0.21917941460483953 0.5446836995451074 0.08672391113482024 0.5831073889214742 0.9924778342247009
0 0.7501331520707983 0.449585917748903 0.10588358891637702 0.4431148343964627 0.9906147718429565
0 0.5740878817282224 0.43881047085711833 0.0642891337997035 0.4213361108773633 0.972432017326355
0 0.39095749039398997 0.44025472433943497 0.062339683112345244 0.39363644468156916 0.9325274229049683
0 0.6780629487414109 0.44323127520711797 0.06907137836280622 0.4210037926309987 0.9271783828735352
0 0.47032119255316884 0.43294093953935725 0.07518088582314943 0.42586298443769155 0.9119061827659607
0 0.9112542365726671 0.49728452375060633 0.06811905583660853 0.20266328399118624 0.6985290050506592
0 0.5305105643837076 0.4396645442435616 0.0668039376798429 0.41711645063601044 0.6744258999824524
0 0.6260991661172164 0.44000829677832753 0.05801748680441003 0.43484571066341904 0.6478257179260254
