0 0.3041514660182752 0.5488235605390448 0.08354009138910394 0.5513365578494573 0.9933630228042603
0 0.21916221003783376 0.5446386054942483 0.08658376806660702 0.5828388645068595 0.9923957586288452
0 0.7476144315380799 0.44762441359068217 0.10352026161394622 0.43931156436079427 0.9810636043548584
0 0.575262039899826 0.4386265026895623 0.06651708248414491 0.42309193862111943 0.9770298004150391
0 0.3910049419654043 0.4401826199732329 0.062441268249561914 0.39356977492570877 0.9316048622131348
0 0.626815057114551 0.45338626049066844 0.05173901429301814 0.42426210877142456 0.9208644032478333
0 0.6782393753528595 0.44329105239165456 0.06824788372767598 0.42917640546434804 0.9180995225906372
0 0.47035508093081024 0.43286168967422683 0.07534572168400414 0.42547324260598735 0.9124493598937988
0 0.911340344893305 0.4976828976681358 0.067866086665737 0.20430560370809153 0.7097634077072144
0 0.5304142083776625 0.4398150193063836 0.06585496507192913 0.41829240322113037 0.6500859260559082
