0 0.7501313106009835 0.4497132897377014 0.10615030401631405 0.4433307116361041 0.9924755692481995
0 0.3041776387315047 0.5527359655028895 0.09162901263487966 0.5584195324856984 0.9907041192054749
0 0.21879265967168307 0.5446838705163253 0.0877389813724317 0.577866779542283 0.9889434576034546
0 0.5752386262542323 0.4384663418719643 0.0667021831399516 0.42205404882368286 0.9768732786178589
0 0.6783983989765769 0.44321831903959574 0.06865313727604716 0.43021930479689646 0.9447462558746338
0 0.390657934703325 0.44076676274600785 0.061689247426233794 0.39314405031894384 0.9290610551834106
0 0.6267318772642236 0.4532500078019343 0.051656479898251985 0.4248688636641753 0.9194009900093079
0 0.47036733909657125 0.43266874787054566 0.07490385598257969 0.42720130321226624 0.917404294013977
0 0.911228663042972 0.4974864784039949 0.06800426474135172 0.20354755026729485 0.71571946144104
0 0.530428551921719 0.4396593727563557 0.06586195999070217 0.41675396067531484 0.6533589363098145
