0 0.30413955136349324 0.5488902534309187 0.0835780940557781 0.5523683948344306 0.9934378266334534
0 0.21917757862492612 0.5446419213947497 0.08655400966343127 0.5831108669701376 0.9925103187561035
0 0.7532426275705036 0.4496131382490459 0.10245070959392347 0.43900015989416524 0.9910368919372559
0 0.5753206594994194 0.43857801744812414 0.06701089833912097 0.42408697542391327 0.9763869643211365
0 0.627509383778823 0.45233182138518285 0.0540423436384452 0.42854918304242584 0.9337489008903503
0 0.3910135611107475 0.4402396820093456 0.06243027825104563 0.3934239545150807 0.929607093334198
0 0.47034589710988495 0.43300348598706095 0.07525231728428289 0.425458500259801 0.9112333059310913
0 0.911249926215724 0.4975195432964124 0.06794038905124915 0.20368644477505432 0.709713876247406
0 0.6770643497768202 0.4540326438452068 0.06556333836756255 0.4012737815317355 0.6565403938293457
0 0.5303913049007717 0.43992942257931356 0.06587033836465132 0.4182216113335208 0.6470452547073364
