0 0.3042562133387515 0.5487235737474341 0.08393521371640657 0.5524815028827441 0.9938311576843262
0 0.21919224293608414 0.5448075015293924 0.08647577386153371 0.5824179253295848 0.9929534792900085
0 0.7501304447650909 0.44962891779447856 0.10629679027356599 0.44281715154647827 0.9925092458724976
0 0.5753063826184523 0.4384447085229974 0.06633378879020088 0.4242444179560009 0.9774865508079529
0 0.6784118068845648 0.44337662113340276 0.06872708154352088 0.43101639339798375 0.9442847967147827
0 0.6268000038046586 0.4533316826349811 0.05161572796733756 0.424870123204432 0.924575924873352
0 0.4703403115272522 0.4330015041326222 0.0737655758857727 0.42398552518141897 0.8993493914604187
0 0.3903854081505223 0.45359361210935994 0.0639945072563071 0.3920758456776017 0.8524450063705444
0 0.9112316683719033 0.4974837271790755 0.06799100515873809 0.2035544087228022 0.7163463830947876
0 0.5304009957533133 0.4396942697073284 0.06564075538986608 0.4198600442001694 0.6479592323303223
