0 0.30419542914942693 0.5489206721908167 0.08336331028687327 0.5525685017438311 0.9934324026107788
0 0.7501173866422552 0.44962195346229955 0.10622317540018182 0.44284602411483465 0.9926694631576538
0 0.21915828632680992 0.5446894106112028 0.08641467596355237 0.5830840907598797 0.9926430583000183
0 0.5752738243655154 0.4385006882642445 0.06658967858866642 0.4241750859900525 0.9777131676673889
0 0.469192983288514 0.4311351250661047 0.07809586822986603 0.43089765310287476 0.9581075310707092
0 0.6784097175849112 0.44331827759742737 0.06867179274559021 0.43032905655471904 0.9459360837936401
0 0.3910508202879052 0.43974530069451584 0.06220116819206037 0.3965048186088863 0.9445893168449402
0 0.6267644496340501 0.453350992971345 0.05170085986978129 0.4245207439127721 0.928021252155304
0 0.9112315240659212 0.49750009335969625 0.06802925957660926 0.20363291431414454 0.7118045687675476
0 0.5309490753631843 0.43928423523902893 0.06558773235270851 0.4262977548335728 0.6952860951423645
