0 0.7501106779826315 0.44964855909347534 0.10624866109145314 0.4430399372389442 0.9925049543380737
0 0.30428283465536016 0.5486776546428078 0.08418393448779457 0.5652054912949863 0.991050660610199
0 0.5752708755041424 0.4385590757194318 0.06656675276003386 0.4227855554536769 0.9772196412086487
0 0.21753782033920288 0.548348677785773 0.09700955215253328 0.5846318224150884 0.9677121639251709
0 0.6783907193886606 0.44326396208060415 0.06871880904624336 0.4302990565958776 0.9454028606414795
0 0.3909005412929936 0.440363021273362 0.06228900347885333 0.3929387738830165 0.9252802729606628
0 0.6267555716790651 0.4533269248510662 0.05167519183535325 0.4247476901662977 0.922690749168396
0 0.47035641576114456 0.4329413387336229 0.07542623030511957 0.42586412947428853 0.9111160039901733
0 0.9112288983244645 0.4974857615797143 0.06800374271054017 0.20355811832766785 0.7154181003570557
0 0.5304172717426953 0.43979615129922567 0.06573025646962617 0.41754397867541565 0.6404582858085632
