0 0.3041450349908126 0.5488854505513844 0.08359329324019582 0.5519574610026259 0.9933846592903137
0 0.7501613968297055 0.44953542634060506 0.10607848669353284 0.4435634550295378 0.992598295211792
0 0.21917032489651128 0.5446453298393049 0.08656161396126998 0.5829620731896475 0.9924551248550415
0 0.5752769959600348 0.4385313203460292 0.06655087125928778 0.4228167577009452 0.9774702787399292
0 0.6783902205918965 0.44323759329946416 0.06868893064950642 0.4300608031059566 0.947857677936554
0 0.39100301108862223 0.4401952592950118 0.06245863202371096 0.3938825702980945 0.9324658513069153
0 0.6267484897061398 0.4533344464082467 0.05169488842550077 0.4246340739099603 0.9240426421165466
0 0.4703533288679625 0.43279799270002467 0.07531471393610302 0.42575686817106445 0.9136186242103577
0 0.911226074946554 0.4974818135562696 0.06806539106918008 0.20360998809337616 0.7163447141647339
0 0.5304156004598266 0.43976381891652155 0.06573835956422906 0.41805008485129 0.6542919278144836
