0 0.3041631610769975 0.5488911820085425 0.08385289342779863 0.5530021620032034 0.9932811260223389
0 0.21917018372761576 0.5446358307411796 0.08663109729164525 0.5830202471268805 0.9922943115234375
0 0.7500742297423514 0.4499378486683494 0.10659580481679816 0.4423704366934927 0.9919720888137817
0 0.6783846804970189 0.4429775021578136 0.0684356595340528 0.42795067241317347 0.944054901599884
0 0.3909539737199482 0.440289695011942 0.06241155925549959 0.39363976528770045 0.9324172139167786
0 0.47036196683582504 0.4327751476513712 0.07511817154131438 0.4251906475738475 0.9072846174240112
0 0.6271011296071505 0.44141744469341476 0.05217109346076062 0.40236108593250575 0.8663052320480347
0 0.5746794139084063 0.4345757035832656 0.0661702728585193 0.35677700097623627 0.8145245313644409
0 0.5224468645296598 0.44046366371606527 0.05980202398802105 0.40186327499778646 0.719060480594635
0 0.911223480575963 0.4973987278185393 0.06807384100791655 0.20337102052412534 0.7078684568405151
