0 0.30419744002191645 0.5489546123303866 0.08261756206813611 0.5524754996754622 0.9931805729866028
0 0.21916026896552035 0.5447063100965399 0.08572799281070106 0.5832263095990607 0.9925194978713989
0 0.7500265507321608 0.44964562905462163 0.10648446961453087 0.44181990447013003 0.9918158650398254
0 0.5753290763026789 0.43910657888964605 0.0675267788924669 0.42581858564364283 0.9778068661689758
0 0.3909350147372798 0.4396531879901886 0.061784247034474424 0.3952039425310336 0.9471457600593567
0 0.6784131589688753 0.44343949775946767 0.0687083131388614 0.4307400388152976 0.9329544305801392
0 0.6268037447803899 0.4533945808285161 0.0515843214173066 0.4257235762320067 0.9196199774742126
0 0.46948454725114924 0.43390468233510066 0.07018210934965234 0.4203914419600838 0.8589281439781189
0 0.5306412452145627 0.440554656480488 0.0664694662156858 0.43022462921707255 0.7171480655670166
0 0.9112534821033478 0.49753924733714056 0.06813888604703702 0.20364550971671155 0.6890747547149658
