0 0.30414577220615585 0.548886815184041 0.08359365086806447 0.5519637977214236 0.993391215801239
0 0.7502194109715914 0.4496396372192784 0.10608922494085211 0.4434521574723093 0.9924808740615845
0 0.21916955631030233 0.5446438930536571 0.08656142573607595 0.5829553076703298 0.9924513697624207
0 0.5752767073480707 0.4385613234419572 0.06655366640341909 0.422892816756901 0.9773423075675964
0 0.6783851526285473 0.4432397390666761 0.06869442211954217 0.43028574554543747 0.9476706981658936
0 0.3910047709941864 0.44019089717614024 0.062462838856797466 0.3939230759677134 0.9326521754264832
0 0.6267445981502533 0.4533401421810451 0.051703256211782754 0.42484484652155324 0.9232361912727356
0 0.47035426215121623 0.4327843502948159 0.0753180172882582 0.42588164853422267 0.9134965538978577
0 0.9112291053721779 0.49745309666583415 0.06804691813886166 0.20367661000866638 0.7168174982070923
0 0.5304092796225297 0.439786107916581 0.06572997413183514 0.41813816679151433 0.6537051796913147
