0 0.7500968512735868 0.44964727916215597 0.10628009469885576 0.4429969618979253 0.9924341440200806
0 0.3030831155024077 0.5508753986735093 0.08527754168761403 0.5516895083220381 0.9862275719642639
0 0.5752727640302557 0.43862090926421315 0.0666221686099705 0.42328504904320363 0.9753451347351074
0 0.6783867635224995 0.4432434674940611 0.06871945842316277 0.4302166425868085 0.9446942210197449
0 0.6267616497842889 0.45335802357447774 0.051673956607517446 0.42445335850903865 0.9192429780960083
0 0.39088413746733414 0.4401476242040333 0.06271483239374663 0.39163987299329356 0.9093018770217896
0 0.47041570669726324 0.4326994952402617 0.07536555591382478 0.4249990829511693 0.8898120522499084
0 0.21727328237734342 0.544426513345618 0.09124684020092613 0.592430512763952 0.8540274500846863
0 0.9112307931247511 0.4974863937026576 0.06800015113855663 0.2035535675914664 0.71518474817276
0 0.5305152664843359 0.4398318168364073 0.066133314841672 0.4175287210627606 0.6079980134963989
