0 0.30413992467679474 0.5488757616595218 0.08334264316056904 0.5518069996645576 0.9932318329811096
0 0.21916190338762184 0.5446429958468989 0.08653594945606433 0.5833269824322901 0.992422878742218
0 0.5752701680911215 0.4387973672465274 0.0665757522771233 0.4246657914236972 0.9716160893440247
0 0.390997146305285 0.4401340547360872 0.06246398938329596 0.3929212548230824 0.9292981028556824
0 0.626889075103559 0.45345264359524373 0.051605182650842164 0.42309170961380005 0.9119963645935059
0 0.4703703444255026 0.4326987556721035 0.07529309391975403 0.4253559622325395 0.9020571708679199
0 0.6780087304742712 0.44364662390006215 0.06929088893689607 0.42987962969039617 0.8989774584770203
0 0.741958284064343 0.45381438732147217 0.09328005815807142 0.4342318981101638 0.7780976295471191
0 0.9114137527189756 0.4981403758651332 0.06799850848160292 0.20282018733652016 0.6687509417533875
0 0.5224531920332658 0.4403695777842873 0.061645527419291045 0.3968796177129996 0.6093521118164062
