0 0.30435446375294734 0.5488608150105727 0.08351992305956389 0.5514241760890735 0.9937214255332947
0 0.21928360509245018 0.5451027249035082 0.08587187214901573 0.5831589402728959 0.9930949807167053
0 0.7500807580194975 0.44951887193479034 0.10633088726746409 0.44264234386776624 0.992155134677887
0 0.5753097000874972 0.4384769922808597 0.06645378235139345 0.4254526605731563 0.97575843334198
0 0.6784129723122245 0.4434024001422681 0.06880833835978258 0.4311467558145523 0.940350353717804
0 0.626846432685852 0.45343083574583654 0.05154575760427274 0.4241977290887582 0.9212484359741211
0 0.38918623014500264 0.45936184572546107 0.05931410193443298 0.3778838899574782 0.894459068775177
0 0.4703638679102847 0.43287904090002965 0.07318969149338572 0.4269057978924952 0.8730315566062927
0 0.9112364900739569 0.49750350023570816 0.0680087681271528 0.20354871491068288 0.7092740535736084
0 0.530504579998945 0.4397171814190714 0.06564643743791078 0.42136828640573903 0.6433312892913818
