0 0.7500689264975096 0.44969298023926585 0.106280433504205 0.4428539807467084 0.992256760597229
0 0.21910807804057472 0.5477194488048553 0.08397932429062693 0.5746163286660847 0.9776512980461121
0 0.575269529694005 0.4385797475513659 0.06684104392403051 0.4225839717607749 0.9726986885070801
0 0.6784045366864455 0.4431861372370469 0.0687796740155471 0.4298179694696477 0.9394275546073914
0 0.6267639006439009 0.4534228855842038 0.05174463987350464 0.42418387414593445 0.9125543236732483
0 0.39047510686673614 0.4525313338166789 0.062996097301182 0.39844442472646113 0.9040994644165039
0 0.47037863260821294 0.43330623287903636 0.07497880960765638 0.4255134047646272 0.8807603716850281
0 0.9112306252906197 0.4974877975488964 0.06800155018113162 0.20352378291519066 0.7145355939865112
0 0.3043833343606246 0.5505258378229643 0.08545578153509843 0.5726929677552298 0.680891215801239
0 0.5304837803307333 0.4398611783981323 0.06631446982684888 0.4164975583553314 0.6077833771705627
