0 0.3510556566087823 0.5395698500306982 0.07820290925079271 0.3009111120512611 0.9968606233596802
0 0.5000317473160593 0.5428319887111062 0.07340875924809982 0.3216128208135304 0.995311975479126
0 0.40701047370308324 0.5344121432618091 0.06842007272337612 0.3066098631212586 0.9951724410057068
0 0.6427984927829943 0.5381604048766588 0.08441566754328578 0.30974611836044413 0.984017550945282
0 0.7555713528080991 0.5321746805780813 0.07935218444388163 0.30289719567487117 0.9803116321563721
0 0.1954432349455984 0.5723150780326441 0.07482492443370192 0.25143757854637344 0.9784420132637024
0 0.3040968320871654 0.5177018736538134 0.03967714505760293 0.19348698521130964 0.9671059250831604
0 0.24237867052617826 0.5493724550071516 0.03317634565265555 0.13823321481284342 0.9470177888870239
0 0.20428846227495293 0.4815545976161957 0.03464738906998383 0.10955476839291423 0.8579340577125549
0 0.4505446974776293 0.5372487141897804 0.04008033048165472 0.2740158740627138 0.7939654588699341
