0 0.3511109916787398 0.5396193203173185 0.07826010990691812 0.29965366383916453 0.9972190856933594
0 0.5000019669532776 0.5429635298879523 0.07350969216541241 0.32051221124435725 0.9959527254104614
0 0.4070401568161814 0.5342114206991697 0.06826417344181161 0.30580166531236547 0.9959061145782471
0 0.6407906789528696 0.5382671309144873 0.08701407164335251 0.3081920095964482 0.9932354092597961
0 0.1953935183976826 0.5723355820304469 0.07476817620427985 0.2512230253533313 0.9795547127723694
0 0.3041052833983773 0.5177298470547325 0.03973226092363659 0.1936123755417372 0.974626898765564
0 0.24236710761722766 0.5493751309419933 0.033181883002582346 0.13828900593676066 0.954888641834259
0 0.2043053099983617 0.48153522532237203 0.0345917085283681 0.1095516803233247 0.8710055351257324
0 0.4505555478757934 0.537440582325584 0.04005782110126395 0.2739239562498896 0.8202216029167175
0 0.7545475426473116 0.5365489611500188 0.07036989260660975 0.29081902417697403 0.6691285371780396
