0 0.3511749819705361 0.5405239886359164 0.07855759786539956 0.30802773017632334 0.9949750900268555
0 0.6413762475314894 0.538950713057267 0.0840706399788982 0.31501679828292445 0.9934120774269104
0 0.49961511712325246 0.5432759366537395 0.07391033341225825 0.31875677014652054 0.9932903051376343
0 0.7553372257634213 0.5320695493566362 0.07913594536091152 0.3041096110092966 0.9807233214378357
0 0.19540946734578987 0.5722898589937311 0.07488246614995756 0.2520811734230895 0.9762271642684937
0 0.3042224331905967 0.5179984993056247 0.039201377645919196 0.19264579505512588 0.9655037522315979
0 0.24239919648358696 0.5493876134094439 0.0332317579733698 0.1384627024986242 0.9397920370101929
0 0.2042812877579739 0.481582815709867 0.03464631265715549 0.10946081755192656 0.8351796865463257
0 0.4082463226820293 0.5643718368128726 0.0630808251076623 0.24394887842630086 0.7647528052330017
0 0.4505841814373669 0.5383580578000922 0.041706031482470665 0.2789667260489966 0.6936259865760803
