0 0.35140525980999593 0.5389304725747359 0.07734721722571473 0.2990406085001795 0.9961896538734436
0 0.5001131264786971 0.5428156523328078 0.07335832411129224 0.32079168252254786 0.9959641695022583
0 0.40697856953269557 0.5341189268388247 0.06841430950321649 0.30625544488430023 0.9958569407463074
0 0.6414488444202825 0.5389642189992102 0.08402847381014573 0.3149374946951866 0.9943971633911133
0 0.7553654485627225 0.5320616748772169 0.0789487033494209 0.30456589240776866 0.9830181002616882
0 0.19532543420791626 0.572477190118087 0.07537938379927685 0.2517867990230259 0.9777618050575256
0 0.2423228417572222 0.549337951760543 0.033160968830710964 0.13813116146545662 0.9532814621925354
0 0.2041900612806019 0.4816601935185884 0.03437051098597677 0.11023600389690776 0.8591108322143555
0 0.45055965098895523 0.5373253947810123 0.04013303235957497 0.27382554035437734 0.8168503046035767
0 0.3070751742312783 0.5335633550819597 0.03857962787151337 0.15856762308823436 0.7950912714004517
