0 0.3511070107158862 0.5394555879266638 0.07797643140350517 0.29906206813297775 0.997133731842041
0 0.5001363722901595 0.5428576798815477 0.07331194689399317 0.3206386181869005 0.9959678649902344
0 0.40703534138830083 0.5342238921868173 0.06834922966204192 0.30617189250494303 0.9957256317138672
0 0.6414301834608379 0.538936687927497 0.08408305735180252 0.3148035391380912 0.9943483471870422
0 0.7553661355846807 0.5320687215579184 0.07897957973182201 0.3044538278328745 0.982686460018158
0 0.19555243692900004 0.5719232935654489 0.0753648156594289 0.25247587969428614 0.9819453358650208
0 0.30430760038526433 0.517983322080813 0.03943580271382081 0.19337382951849386 0.972305417060852
0 0.24144634643667623 0.5547617724851558 0.03377458080649376 0.12418963720923976 0.8491041660308838
0 0.45053365336436973 0.5373351032796659 0.039985662620318566 0.2738430594143115 0.8158506155014038
0 0.20396775791519567 0.48116589141519445 0.03418273870882235 0.10950488871649693 0.8045842051506042
