0 0.35115182086041097 0.5393888636639244 0.07812042142215528 0.2998477926379756 0.9972230195999146
0 0.5001105226968464 0.542826948981536 0.07327592676799548 0.3202389513975696 0.9960309863090515
0 0.4070083969517758 0.5340011080628947 0.06799062929655376 0.30630401482707575 0.9958611130714417
0 0.6414404087945035 0.5389625469320699 0.08404011161703813 0.31473340172516673 0.9945244789123535
0 0.7553653968007941 0.5320651817478632 0.07894249466296874 0.3045166107384782 0.9829874634742737
0 0.19549293894516795 0.5717538626570451 0.07583020264772992 0.2543161456522189 0.977679431438446
0 0.3040929107289565 0.5178345410447371 0.0396604271311509 0.19350374901765272 0.9754628539085388
0 0.24238489097670504 0.5493915363361961 0.03315552676978864 0.1380337108122675 0.9550395607948303
0 0.20408766206942106 0.48144114488049555 0.034298857183832875 0.1101034227758646 0.8517759442329407
0 0.450533836687866 0.5373455717375404 0.039992569308531914 0.2738338418697056 0.8186606764793396
