0 0.5001091015966315 0.5428320734124434 0.07337799423227184 0.32112071584714086 0.9947614073753357
0 0.40820997325997604 0.5350954305184515 0.06828879447359788 0.30088138423467936 0.9934542179107666
0 0.6413859301491788 0.5389071930395929 0.08390742530556101 0.31495634466409683 0.9933837056159973
0 0.7553432615179765 0.532075119645972 0.07907799298041746 0.30438724905252457 0.9820786714553833
0 0.19532793760299683 0.5722960202317489 0.07488470044183104 0.2531128964926067 0.9745941758155823
0 0.3498933409389697 0.5430628516172108 0.07198359425130643 0.30051321379448237 0.9560919404029846
0 0.304916860241639 0.5168194410048033 0.03900336709461714 0.19337141788319537 0.9521582722663879
0 0.2423766533795156 0.5494421406796104 0.033147536610302175 0.13880861040792966 0.9348976016044617
0 0.20427120986737704 0.4815708265492791 0.034637193146504854 0.10935366153717041 0.8156073689460754
0 0.45060123169892713 0.5374635975611838 0.040579313118206825 0.2744930108126841 0.788419246673584
