0 0.3510553805451644 0.5396779116831327 0.07791775514028575 0.3006933453051667 0.9969137907028198
0 0.4078990973924336 0.5350829355026546 0.06839772980464132 0.3037728780978604 0.9957486987113953
0 0.6415046053497415 0.5391203196425187 0.08376308726636987 0.31469837615364477 0.9934985637664795
0 0.7553410012471048 0.532043917006568 0.07895788413129355 0.30422614005051163 0.981548547744751
0 0.19540374529989143 0.5722846671154624 0.07470450236609108 0.25135926706226247 0.979028046131134
0 0.3041148797461861 0.517762679802744 0.03959991508408597 0.1934662951450599 0.970953106880188
0 0.5001180611158672 0.546185458961286 0.06830996598460172 0.31197548304733475 0.9574518203735352
0 0.24236985374438136 0.5493750932969546 0.03313141512243371 0.13830068178082766 0.9512174725532532
0 0.20430282542580053 0.481486744002292 0.03462460088102441 0.10940956294928726 0.8672482371330261
0 0.4529147787313712 0.5403561105853633 0.04833181476906726 0.27489380224754933 0.8217889666557312
