0 0.49981215909907695 0.5428439990470284 0.07323900178859108 0.3185507361041872 0.997433602809906
0 0.35152850339287206 0.5411295718268344 0.0781551469117403 0.3006529494335777 0.9972187280654907
0 0.4068762597284819 0.5346760616490716 0.06741936053884656 0.30547739839867544 0.9970577955245972
0 0.641837079274027 0.5390752036320535 0.08310335168713018 0.3156025492047009 0.9952003955841064
0 0.7553623130446986 0.5320428672589754 0.07988663958875757 0.30509291510832937 0.9861907362937927
0 0.3037566150489606 0.51674642845204 0.04062430717443165 0.19331900893073334 0.9818365573883057
0 0.19558732133162648 0.5726277106686642 0.07426082489914015 0.24955570893852333 0.9802519679069519
0 0.2422291448241786 0.5493463293502205 0.03387680100767236 0.1385015827652655 0.9670723676681519
0 0.20430505275726318 0.48172633898885625 0.0337596625873917 0.11096451627580743 0.8948127031326294
0 0.4502822474429482 0.5368288708360571 0.039546468540241846 0.26721724946247905 0.8339439630508423
