0 0.35115056288869756 0.5395072824076602 0.07821390669988959 0.29982342139670726 0.9971797466278076
0 0.5001070091598913 0.5428977294972068 0.07330976132499545 0.3202594189267409 0.9961777925491333
0 0.40702620619221735 0.5340330028220227 0.06802362860425522 0.30656084026160996 0.9958933591842651
0 0.6414250621670171 0.5389481971138402 0.08407349374733473 0.3148236615877402 0.9944075345993042
0 0.7553607068563762 0.5320719107985497 0.07898596938895552 0.3044543885870984 0.9825852513313293
0 0.19538327267295436 0.5720611402862951 0.07524607801123669 0.2537544208921884 0.9799837470054626
0 0.30413470142766047 0.5177591788141351 0.03965204875720175 0.19371314954600835 0.9741308093070984
0 0.24237598008231112 0.5493547947783219 0.03312284617047561 0.13827633014635035 0.9565727114677429
0 0.20475565446050545 0.4826922495114176 0.03338752020346491 0.10778816465876605 0.856357753276825
0 0.450532713610875 0.5373284942225406 0.03997238568569485 0.2736768859781717 0.8221780061721802
