0 0.407732345555958 0.5343462118976995 0.06862692221214897 0.3104399438751371 0.9958248138427734
0 0.5000988590089899 0.54280612813799 0.07342734354499139 0.32067017139572845 0.9957689046859741
0 0.6414024312245218 0.5389177250234705 0.08403144590556622 0.31477006642442 0.9939194917678833
0 0.3522893409979971 0.5395239764138272 0.07446806417091896 0.30335006941305964 0.9917057752609253
0 0.7553441963697735 0.5320668949892646 0.07903103108860944 0.3043307422807342 0.9820936322212219
0 0.195387906149814 0.5723512517778497 0.0746808648109436 0.25142901626072434 0.9779303073883057
0 0.3046482519099587 0.5172813707276395 0.039370205057294744 0.19351436609500333 0.9655561447143555
0 0.2423405686491414 0.5493903614972767 0.03312607540896064 0.1384158520714233 0.9494373798370361
0 0.20432145187729284 0.48159655536475937 0.034594344857491945 0.10970006941964752 0.8583564758300781
0 0.4505332318183623 0.5366987052716707 0.04095700696894997 0.26709055037874924 0.8201698660850525
