0 0.35037596602188914 0.540060890348334 0.07676763077707667 0.3008061647415161 0.9968262910842896
0 0.5000207016342565 0.5430243078031038 0.07356382328036584 0.31908239581083 0.99592125415802
0 0.6414313057535573 0.5389043845628437 0.08407039636451948 0.31478615575715113 0.9940841794013977
0 0.40549982535211665 0.5348153475083803 0.06423866160606083 0.3038617576423444 0.9905791878700256
0 0.755339757392281 0.532082972950057 0.07904134641744588 0.3043266875963462 0.9823769927024841
0 0.19542271212527626 0.572270741588191 0.07473281731731013 0.25140977807735143 0.9783220887184143
0 0.30417041245259735 0.5178502907878474 0.03932481219894007 0.1939452400333003 0.9724813103675842
0 0.24237071840386643 0.5493783401815515 0.03318652393002259 0.1382871825051935 0.9506707191467285
0 0.2042927898858723 0.48156402377705826 0.03462948885403181 0.10959339867296972 0.8610016107559204
0 0.45144000178889226 0.5375896551107106 0.038980900064895026 0.27653564159807403 0.8439658880233765
