0 0.35143228894785833 0.5402870664471074 0.07827265952762805 0.3006400520864286 0.9970510005950928
0 0.6413945289034593 0.5389195664932853 0.08400294302325499 0.3144830680991474 0.9942829608917236
0 0.4070727472242556 0.5346791007016835 0.06173749189627798 0.29951266356204687 0.9913923740386963
0 0.5008738919308311 0.5434050559997559 0.07341852470448143 0.31418649381712865 0.9897429347038269
0 0.7553287666094931 0.5320901839356673 0.07906613244037879 0.30438252577656194 0.9833635687828064
0 0.1954249143600464 0.5723074204043338 0.07471074585459735 0.2512993957651289 0.9792013168334961
0 0.30413178550569636 0.5177709444573051 0.03963939649494071 0.19344291404673927 0.97347092628479
0 0.24236851185560226 0.549377612377468 0.033174916317588406 0.1382722274253243 0.9519894123077393
0 0.45133742729299947 0.5375607641119706 0.04893673054481808 0.28298722678109217 0.9062880873680115
0 0.20429642106357374 0.4815390031588705 0.03463900716681229 0.10953063733483616 0.8634147644042969
