0 0.3511175858347039 0.5397082112337414 0.07817955011207807 0.2995541946668374 0.997052788734436
0 0.4072533877272355 0.5344420012674833 0.06824643831504018 0.3046511054823273 0.9957433342933655
0 0.641430717549826 0.5390495210886002 0.08393883763959534 0.3132991649602589 0.9941732287406921
0 0.4999836526418987 0.5441348944839678 0.07233574927637451 0.3197707431881051 0.9882094860076904
0 0.7552975839690158 0.5319975567491431 0.07902029813512375 0.30406466440150615 0.9824966788291931
0 0.19539875733224968 0.5722736496674387 0.07476783514414963 0.2513814599890458 0.9791547656059265
0 0.3041300287372188 0.517717287728661 0.039677808551411876 0.1934667215927651 0.9724032282829285
0 0.2423659955200396 0.5493757160086381 0.033169947172466074 0.1382706980956228 0.9524691104888916
0 0.20430153451467814 0.48153189530498103 0.03462079637929013 0.10953288721410852 0.8670767545700073
0 0.450582501919646 0.5386980066173955 0.042277084369408455 0.2763427601833093 0.8110200762748718
