0 0.35110794556768316 0.5395135534437079 0.07823205945131026 0.30004403504886124 0.9969896078109741
0 0.5000549680308292 0.5428333423639599 0.07338304749052775 0.32037607737277685 0.9958231449127197
0 0.40702556936364426 0.534204825758934 0.06832492390745565 0.30664307702528804 0.995517909526825
0 0.6413779313627043 0.5373054201665678 0.08856134861707687 0.3155840011803727 0.9939364790916443
0 0.7553844514646029 0.5322925409204081 0.07918081216906246 0.30439464669478566 0.9813268184661865
0 0.19541836726038078 0.5723134498847159 0.07477682799493011 0.25136155321409825 0.9788386225700378
0 0.3041092878893802 0.5177319802735981 0.039662685833479226 0.1934506195156198 0.9704920053482056
0 0.24237310729528727 0.5493730259569067 0.03317806438395852 0.13823309717209717 0.9506171345710754
0 0.20429614029432597 0.4815572170834792 0.03462479851747814 0.10956917203178532 0.8625966906547546
0 0.45052912105855186 0.5372849098945919 0.039955039557657744 0.27391425206472997 0.8084020018577576
