0 0.35116319907338994 0.5391827688405388 0.07844918946686544 0.2992180872120355 0.996846616268158
0 0.5001107830750314 0.5429256119226155 0.0732801099748988 0.32035589022071737 0.9962903261184692
0 0.4070766191733511 0.5339494653438267 0.06809559925214241 0.3057960362026566 0.996229350566864
0 0.6414369289812288 0.5389783962776786 0.0839745445471061 0.3151317313313484 0.9947053790092468
0 0.7553706388724478 0.5320618321236811 0.07893520711283934 0.3045608024848135 0.9831984043121338
0 0.19533667438908628 0.5723673105239868 0.07538733954884504 0.2518351748585701 0.9797244071960449
0 0.24233415683633402 0.5493940162031274 0.03330192950211073 0.13818480564575447 0.9583607316017151
0 0.20425035765296534 0.4815438013327749 0.03445780277252197 0.10984656891148341 0.8722217082977295
0 0.4505410055188756 0.537312850356102 0.040005394502689966 0.2736700157585897 0.8253079056739807
0 0.3033621028849953 0.5386809824328673 0.040625136541692836 0.15364863762730047 0.7758046388626099
