0 0.3511122057312413 0.5396138429641724 0.07830142690555046 0.29946013892951767 0.9972149133682251
0 0.5001219385548642 0.5429240449478752 0.0733968430247746 0.32039607041760493 0.996130108833313
0 0.407028129226283 0.5341365149146632 0.06807503123816691 0.30602275344886276 0.9959918856620789
0 0.6413389718846271 0.5389880153693651 0.08440616658251536 0.31487169234376206 0.9945687055587769
0 0.19538912647648862 0.5723373513472708 0.07475948265116465 0.25121347096405533 0.9797013998031616
0 0.3041178364502756 0.5177382105275204 0.03971462892858606 0.19364035933425552 0.9750494360923767
0 0.752840635023619 0.5316615885025576 0.07592534705212242 0.32256977691462163 0.9699327349662781
0 0.24236638334236646 0.5493729992916709 0.03318162184012564 0.13829802015894338 0.9553495049476624
0 0.20430718597612882 0.4815318098193721 0.03458668291568756 0.10955180531661761 0.8722250461578369
0 0.4505208267977363 0.5373840896706832 0.04000733204578098 0.27371495844502197 0.8249483704566956
