0 0.351134108869653 0.5395506134158686 0.07814308451978784 0.2992224654084758 0.9971668124198914
0 0.5001199088598552 0.5428903542066875 0.07331623450705879 0.3205196520215587 0.996032178401947
0 0.4070281794196681 0.5341487699433377 0.06812346873706893 0.30625087258062866 0.9958325028419495
0 0.6414288909811723 0.5389456098016939 0.08407598557440858 0.3148497797940907 0.9944063425064087
0 0.7553650705437911 0.5320674839772677 0.07896980035461877 0.30446428805589676 0.9827336668968201
0 0.19548638870841578 0.5720462077542355 0.07497231113283258 0.25237360675083964 0.9818066358566284
0 0.30421283997987447 0.5177829187167319 0.03951840416381234 0.194155111124641 0.9739343523979187
0 0.24209377600958473 0.5496143369298232 0.03383955731987953 0.12813492668302437 0.885906457901001
0 0.20410415530204773 0.4814634605457908 0.03451830776114213 0.10944056128592868 0.8421828150749207
0 0.45052841050844444 0.5373417554717315 0.03998241573572159 0.2738024964928627 0.818508505821228
